1.002q laying with 110TE
Tier 1: [50, 40, 15, 25]
Tier 2: [8, 10, 30, 10, 1]
Tier 3: [10, 30, 2, 25, 50]
Tier 4: [1, 1, 50, 35, 10]
Tier 5: [10, 40, 2, 15, 30]
Tier 6: [2, 50, 30, 60]
Tier 7: [2, 50, 5, 30]
Tier 8: [20, 100, 250, 20]
Tier 9: [25, 7, 25, 100]
Tier 10: [5, 24, 50, 64]
Tier 11: [19, 18, 0, 23]
Tier 12: [2, 3, 2, 7]
Tier 13: [0, 0, 0, 0]
Houses: [19, 19, 19, 19]
Vehicles: [12, 12, 12, 12, 12, 12, 12, 12, 12, 12, 12, 12, 12, 12, 12, 12, 12]
Cars: 6

1.016q laying with 111TE
Tier 1: [50, 40, 15, 25]
Tier 2: [8, 10, 30, 10, 1]
Tier 3: [10, 30, 2, 25, 50]
Tier 4: [1, 1, 50, 35, 10]
Tier 5: [10, 40, 2, 15, 30]
Tier 6: [2, 50, 30, 60]
Tier 7: [2, 50, 5, 30]
Tier 8: [20, 100, 250, 20]
Tier 9: [25, 7, 25, 100]
Tier 10: [5, 24, 50, 64]
Tier 11: [19, 18, 0, 24]
Tier 12: [2, 4, 2, 7]
Tier 13: [0, 0, 0, 0]
Houses: [19, 19, 19, 19]
Vehicles: [12, 12, 12, 12, 12, 12, 12, 12, 12, 12, 12, 12, 12, 12, 12, 12, 12]
Cars: 6

1.05q laying with 112TE
Tier 1: [50, 40, 15, 25]
Tier 2: [8, 10, 30, 10, 1]
Tier 3: [10, 30, 2, 25, 50]
Tier 4: [1, 1, 50, 35, 10]
Tier 5: [10, 40, 2, 15, 30]
Tier 6: [2, 50, 30, 60]
Tier 7: [2, 50, 5, 30]
Tier 8: [20, 100, 250, 20]
Tier 9: [25, 7, 25, 100]
Tier 10: [5, 24, 50, 67]
Tier 11: [19, 19, 0, 25]
Tier 12: [3, 6, 2, 8]
Tier 13: [0, 0, 0, 0]
Houses: [19, 19, 19, 19]
Vehicles: [12, 12, 12, 12, 12, 12, 12, 12, 12, 12, 12, 12, 12, 12, 12, 12, 12]
Cars: 6

1.05q laying with 113TE
Tier 1: [50, 40, 15, 25]
Tier 2: [8, 10, 30, 10, 1]
Tier 3: [10, 30, 2, 25, 50]
Tier 4: [1, 1, 50, 35, 10]
Tier 5: [10, 40, 2, 15, 30]
Tier 6: [2, 50, 30, 60]
Tier 7: [2, 50, 5, 30]
Tier 8: [20, 100, 250, 20]
Tier 9: [25, 7, 25, 100]
Tier 10: [5, 24, 50, 67]
Tier 11: [19, 20, 0, 25]
Tier 12: [3, 7, 2, 8]
Tier 13: [0, 0, 0, 0]
Houses: [19, 19, 19, 19]
Vehicles: [12, 12, 12, 12, 12, 12, 12, 12, 12, 12, 12, 12, 12, 12, 12, 12, 12]
Cars: 6

1.05q laying with 114TE
Tier 1: [50, 40, 15, 25]
Tier 2: [8, 10, 30, 10, 1]
Tier 3: [10, 30, 2, 25, 50]
Tier 4: [1, 1, 50, 35, 10]
Tier 5: [10, 40, 2, 15, 30]
Tier 6: [2, 50, 30, 60]
Tier 7: [2, 50, 5, 30]
Tier 8: [20, 100, 250, 20]
Tier 9: [25, 7, 25, 100]
Tier 10: [5, 24, 50, 68]
Tier 11: [19, 20, 0, 25]
Tier 12: [3, 7, 2, 8]
Tier 13: [0, 0, 0, 0]
Houses: [19, 19, 19, 19]
Vehicles: [12, 12, 12, 12, 12, 12, 12, 12, 12, 12, 12, 12, 12, 12, 12, 12, 12]
Cars: 6

1.064q laying with 115TE
Tier 1: [50, 40, 15, 25]
Tier 2: [8, 10, 30, 10, 1]
Tier 3: [10, 30, 2, 25, 50]
Tier 4: [1, 1, 50, 35, 10]
Tier 5: [10, 40, 2, 15, 30]
Tier 6: [2, 50, 30, 60]
Tier 7: [2, 50, 5, 30]
Tier 8: [20, 100, 250, 20]
Tier 9: [25, 7, 25, 100]
Tier 10: [5, 25, 50, 68]
Tier 11: [20, 20, 0, 26]
Tier 12: [3, 8, 2, 8]
Tier 13: [0, 0, 0, 0]
Houses: [19, 19, 19, 19]
Vehicles: [12, 12, 12, 12, 12, 12, 12, 12, 12, 12, 12, 12, 12, 12, 12, 12, 12]
Cars: 6

1.064q laying with 116TE
Tier 1: [50, 40, 15, 25]
Tier 2: [8, 10, 30, 10, 1]
Tier 3: [10, 30, 2, 25, 50]
Tier 4: [1, 1, 50, 35, 10]
Tier 5: [10, 40, 2, 15, 30]
Tier 6: [2, 50, 30, 60]
Tier 7: [2, 50, 5, 30]
Tier 8: [20, 100, 250, 20]
Tier 9: [25, 7, 25, 100]
Tier 10: [5, 25, 50, 68]
Tier 11: [20, 20, 0, 26]
Tier 12: [3, 8, 2, 8]
Tier 13: [0, 0, 0, 0]
Houses: [19, 19, 19, 19]
Vehicles: [12, 12, 12, 12, 12, 12, 12, 12, 12, 12, 12, 12, 12, 12, 12, 12, 12]
Cars: 6

1.064q laying with 117TE
Tier 1: [50, 40, 15, 25]
Tier 2: [8, 10, 30, 10, 1]
Tier 3: [10, 30, 2, 25, 50]
Tier 4: [1, 1, 50, 35, 10]
Tier 5: [10, 40, 2, 15, 30]
Tier 6: [2, 50, 30, 60]
Tier 7: [2, 50, 5, 30]
Tier 8: [20, 100, 250, 20]
Tier 9: [25, 7, 25, 100]
Tier 10: [5, 25, 50, 69]
Tier 11: [20, 20, 0, 26]
Tier 12: [3, 9, 2, 8]
Tier 13: [0, 0, 0, 0]
Houses: [19, 19, 19, 19]
Vehicles: [12, 12, 12, 12, 12, 12, 12, 12, 12, 12, 12, 12, 12, 12, 12, 12, 12]
Cars: 6

1.064q laying with 118TE
Tier 1: [50, 40, 15, 25]
Tier 2: [8, 10, 30, 10, 1]
Tier 3: [10, 30, 2, 25, 50]
Tier 4: [1, 1, 50, 35, 10]
Tier 5: [10, 40, 2, 15, 30]
Tier 6: [2, 50, 30, 60]
Tier 7: [2, 50, 5, 30]
Tier 8: [20, 100, 250, 20]
Tier 9: [25, 7, 25, 100]
Tier 10: [5, 25, 50, 69]
Tier 11: [20, 21, 0, 26]
Tier 12: [3, 9, 2, 8]
Tier 13: [0, 0, 0, 0]
Houses: [19, 19, 19, 19]
Vehicles: [12, 12, 12, 12, 12, 12, 12, 12, 12, 12, 12, 12, 12, 12, 12, 12, 12]
Cars: 6

1.078q laying with 119TE
Tier 1: [50, 40, 15, 25]
Tier 2: [8, 10, 30, 10, 1]
Tier 3: [10, 30, 2, 25, 50]
Tier 4: [1, 1, 50, 35, 10]
Tier 5: [10, 40, 2, 15, 30]
Tier 6: [2, 50, 30, 60]
Tier 7: [2, 50, 5, 30]
Tier 8: [20, 100, 250, 20]
Tier 9: [25, 7, 25, 100]
Tier 10: [5, 25, 50, 70]
Tier 11: [20, 21, 0, 27]
Tier 12: [3, 10, 2, 8]
Tier 13: [0, 0, 0, 0]
Houses: [19, 19, 19, 19]
Vehicles: [12, 12, 12, 12, 12, 12, 12, 12, 12, 12, 12, 12, 12, 12, 12, 12, 12]
Cars: 6

1.213q laying with 120TE
Tier 1: [50, 40, 15, 25]
Tier 2: [8, 10, 30, 10, 1]
Tier 3: [10, 30, 2, 25, 50]
Tier 4: [1, 1, 50, 35, 10]
Tier 5: [10, 40, 2, 15, 30]
Tier 6: [2, 50, 30, 60]
Tier 7: [2, 50, 5, 30]
Tier 8: [20, 100, 250, 20]
Tier 9: [25, 7, 25, 100]
Tier 10: [5, 26, 50, 80]
Tier 11: [22, 26, 1, 32]
Tier 12: [6, 21, 2, 10]
Tier 13: [0, 0, 0, 0]
Houses: [19, 19, 19, 19]
Vehicles: [12, 12, 12, 12, 12, 12, 12, 12, 12, 12, 12, 12, 12, 12, 12, 12, 12]
Cars: 6

1.234q laying with 121TE
Tier 1: [50, 40, 15, 25]
Tier 2: [8, 10, 30, 10, 1]
Tier 3: [10, 30, 2, 25, 50]
Tier 4: [1, 1, 50, 35, 10]
Tier 5: [10, 40, 2, 15, 30]
Tier 6: [2, 50, 30, 60]
Tier 7: [2, 50, 5, 30]
Tier 8: [20, 100, 250, 20]
Tier 9: [25, 7, 25, 100]
Tier 10: [5, 27, 50, 81]
Tier 11: [22, 27, 1, 32]
Tier 12: [7, 21, 2, 10]
Tier 13: [0, 0, 0, 0]
Houses: [19, 19, 19, 19]
Vehicles: [12, 12, 12, 12, 12, 12, 12, 12, 12, 12, 12, 12, 12, 12, 12, 12, 12]
Cars: 6

1.249q laying with 122TE
Tier 1: [50, 40, 15, 25]
Tier 2: [8, 10, 30, 10, 1]
Tier 3: [10, 30, 2, 25, 50]
Tier 4: [1, 1, 50, 35, 10]
Tier 5: [10, 40, 2, 15, 30]
Tier 6: [2, 50, 30, 60]
Tier 7: [2, 50, 5, 30]
Tier 8: [20, 100, 250, 20]
Tier 9: [25, 7, 25, 100]
Tier 10: [5, 27, 50, 81]
Tier 11: [22, 27, 1, 33]
Tier 12: [7, 22, 2, 10]
Tier 13: [0, 0, 0, 0]
Houses: [19, 19, 19, 19]
Vehicles: [12, 12, 12, 12, 12, 12, 12, 12, 12, 12, 12, 12, 12, 12, 12, 12, 12]
Cars: 6

