1.249q laying with 120TE
Tier 1: [50, 40, 15, 25]
Tier 2: [8, 10, 30, 10, 1]
Tier 3: [10, 30, 2, 25, 50]
Tier 4: [1, 1, 50, 35, 10]
Tier 5: [10, 40, 2, 15, 30]
Tier 6: [2, 50, 30, 60]
Tier 7: [2, 50, 5, 30]
Tier 8: [20, 100, 250, 20]
Tier 9: [25, 7, 25, 100]
Tier 10: [5, 27, 50, 82]
Tier 11: [22, 27, 1, 33]
Tier 12: [7, 23, 2, 11]
Tier 13: [0, 0, 0, 0]
Houses: [19, 19, 19, 19]
Vehicles: [12, 12, 12, 12, 12, 12, 12, 12, 12, 12, 12, 12, 12, 12, 12, 12, 12]
Cars: 6

1.317q laying with 130TE
Tier 1: [50, 40, 15, 25]
Tier 2: [8, 10, 30, 10, 1]
Tier 3: [10, 30, 2, 25, 50]
Tier 4: [1, 1, 50, 35, 10]
Tier 5: [10, 40, 2, 15, 30]
Tier 6: [2, 50, 30, 60]
Tier 7: [2, 50, 5, 30]
Tier 8: [20, 100, 250, 20]
Tier 9: [25, 7, 25, 100]
Tier 10: [5, 28, 50, 87]
Tier 11: [24, 30, 1, 36]
Tier 12: [8, 28, 2, 12]
Tier 13: [0, 0, 0, 0]
Houses: [19, 19, 19, 19]
Vehicles: [12, 12, 12, 12, 12, 12, 12, 12, 12, 12, 12, 12, 12, 12, 12, 12, 12]
Cars: 6

1.394q laying with 140TE
Tier 1: [50, 40, 15, 25]
Tier 2: [8, 10, 30, 10, 1]
Tier 3: [10, 30, 2, 25, 50]
Tier 4: [1, 1, 50, 35, 10]
Tier 5: [10, 40, 2, 15, 30]
Tier 6: [2, 50, 30, 60]
Tier 7: [2, 50, 5, 30]
Tier 8: [20, 100, 250, 20]
Tier 9: [25, 7, 25, 100]
Tier 10: [5, 28, 50, 92]
Tier 11: [24, 32, 1, 38]
Tier 12: [10, 33, 2, 12]
Tier 13: [0, 0, 0, 0]
Houses: [19, 19, 19, 19]
Vehicles: [12, 12, 12, 12, 12, 12, 12, 12, 12, 12, 12, 12, 12, 12, 12, 12, 12]
Cars: 6

1.45q laying with 150TE
Tier 1: [50, 40, 15, 25]
Tier 2: [8, 10, 30, 10, 1]
Tier 3: [10, 30, 2, 25, 50]
Tier 4: [1, 1, 50, 35, 10]
Tier 5: [10, 40, 2, 15, 30]
Tier 6: [2, 50, 30, 60]
Tier 7: [2, 50, 5, 30]
Tier 8: [20, 100, 250, 20]
Tier 9: [25, 7, 25, 100]
Tier 10: [5, 29, 50, 95]
Tier 11: [25, 34, 1, 40]
Tier 12: [11, 37, 3, 13]
Tier 13: [0, 0, 0, 0]
Houses: [19, 19, 19, 19]
Vehicles: [12, 12, 12, 12, 12, 12, 12, 12, 12, 12, 12, 12, 12, 12, 12, 12, 12]
Cars: 7

1.506q laying with 160TE
Tier 1: [50, 40, 15, 25]
Tier 2: [8, 10, 30, 10, 1]
Tier 3: [10, 30, 2, 25, 50]
Tier 4: [1, 1, 50, 35, 10]
Tier 5: [10, 40, 2, 15, 30]
Tier 6: [2, 50, 30, 60]
Tier 7: [2, 50, 5, 30]
Tier 8: [20, 100, 250, 20]
Tier 9: [25, 7, 25, 100]
Tier 10: [5, 30, 50, 99]
Tier 11: [25, 36, 1, 42]
Tier 12: [12, 41, 3, 14]
Tier 13: [0, 0, 0, 0]
Houses: [19, 19, 19, 19]
Vehicles: [12, 12, 12, 12, 12, 12, 12, 12, 12, 12, 12, 12, 12, 12, 12, 12, 12]
Cars: 7

