1.064q laying with 120TE
Tier 1: [50, 40, 15, 25]
Tier 2: [8, 10, 30, 10, 1]
Tier 3: [10, 30, 2, 25, 50]
Tier 4: [1, 1, 50, 35, 10]
Tier 5: [10, 40, 2, 15, 30]
Tier 6: [2, 50, 30, 60]
Tier 7: [2, 50, 5, 30]
Tier 8: [20, 100, 250, 20]
Tier 9: [25, 7, 25, 100]
Tier 10: [5, 25, 50, 69]
Tier 11: [20, 21, 0, 26]
Tier 12: [3, 9, 2, 8]
Tier 13: [0, 0, 0, 0]
Houses: [19, 19, 19, 19]
Vehicles: [12, 12, 12, 12, 12, 12, 12, 12, 12, 12, 12, 12, 12, 12, 12, 12, 12]
Cars: 6

1.064q laying with 121TE
Tier 1: [50, 40, 15, 25]
Tier 2: [8, 10, 30, 10, 1]
Tier 3: [10, 30, 2, 25, 50]
Tier 4: [1, 1, 50, 35, 10]
Tier 5: [10, 40, 2, 15, 30]
Tier 6: [2, 50, 30, 60]
Tier 7: [2, 50, 5, 30]
Tier 8: [20, 100, 250, 20]
Tier 9: [25, 7, 25, 100]
Tier 10: [5, 25, 50, 69]
Tier 11: [20, 21, 0, 26]
Tier 12: [3, 9, 2, 8]
Tier 13: [0, 0, 0, 0]
Houses: [19, 19, 19, 19]
Vehicles: [12, 12, 12, 12, 12, 12, 12, 12, 12, 12, 12, 12, 12, 12, 12, 12, 12]
Cars: 6

1.213q laying with 122TE
Tier 1: [50, 40, 15, 25]
Tier 2: [8, 10, 30, 10, 1]
Tier 3: [10, 30, 2, 25, 50]
Tier 4: [1, 1, 50, 35, 10]
Tier 5: [10, 40, 2, 15, 30]
Tier 6: [2, 50, 30, 60]
Tier 7: [2, 50, 5, 30]
Tier 8: [20, 100, 250, 20]
Tier 9: [25, 7, 25, 100]
Tier 10: [5, 26, 50, 80]
Tier 11: [22, 26, 1, 32]
Tier 12: [6, 20, 2, 10]
Tier 13: [0, 0, 0, 0]
Houses: [19, 19, 19, 19]
Vehicles: [12, 12, 12, 12, 12, 12, 12, 12, 12, 12, 12, 12, 12, 12, 12, 12, 12]
Cars: 6

1.213q laying with 123TE
Tier 1: [50, 40, 15, 25]
Tier 2: [8, 10, 30, 10, 1]
Tier 3: [10, 30, 2, 25, 50]
Tier 4: [1, 1, 50, 35, 10]
Tier 5: [10, 40, 2, 15, 30]
Tier 6: [2, 50, 30, 60]
Tier 7: [2, 50, 5, 30]
Tier 8: [20, 100, 250, 20]
Tier 9: [25, 7, 25, 100]
Tier 10: [5, 26, 50, 80]
Tier 11: [22, 26, 1, 32]
Tier 12: [6, 21, 2, 10]
Tier 13: [0, 0, 0, 0]
Houses: [19, 19, 19, 19]
Vehicles: [12, 12, 12, 12, 12, 12, 12, 12, 12, 12, 12, 12, 12, 12, 12, 12, 12]
Cars: 6

1.234q laying with 124TE
Tier 1: [50, 40, 15, 25]
Tier 2: [8, 10, 30, 10, 1]
Tier 3: [10, 30, 2, 25, 50]
Tier 4: [1, 1, 50, 35, 10]
Tier 5: [10, 40, 2, 15, 30]
Tier 6: [2, 50, 30, 60]
Tier 7: [2, 50, 5, 30]
Tier 8: [20, 100, 250, 20]
Tier 9: [25, 7, 25, 100]
Tier 10: [5, 27, 50, 81]
Tier 11: [22, 27, 1, 32]
Tier 12: [7, 21, 2, 10]
Tier 13: [0, 0, 0, 0]
Houses: [19, 19, 19, 19]
Vehicles: [12, 12, 12, 12, 12, 12, 12, 12, 12, 12, 12, 12, 12, 12, 12, 12, 12]
Cars: 6

1.249q laying with 125TE
Tier 1: [50, 40, 15, 25]
Tier 2: [8, 10, 30, 10, 1]
Tier 3: [10, 30, 2, 25, 50]
Tier 4: [1, 1, 50, 35, 10]
Tier 5: [10, 40, 2, 15, 30]
Tier 6: [2, 50, 30, 60]
Tier 7: [2, 50, 5, 30]
Tier 8: [20, 100, 250, 20]
Tier 9: [25, 7, 25, 100]
Tier 10: [5, 27, 50, 81]
Tier 11: [22, 27, 1, 33]
Tier 12: [7, 22, 2, 10]
Tier 13: [0, 0, 0, 0]
Houses: [19, 19, 19, 19]
Vehicles: [12, 12, 12, 12, 12, 12, 12, 12, 12, 12, 12, 12, 12, 12, 12, 12, 12]
Cars: 6

1.249q laying with 126TE
Tier 1: [50, 40, 15, 25]
Tier 2: [8, 10, 30, 10, 1]
Tier 3: [10, 30, 2, 25, 50]
Tier 4: [1, 1, 50, 35, 10]
Tier 5: [10, 40, 2, 15, 30]
Tier 6: [2, 50, 30, 60]
Tier 7: [2, 50, 5, 30]
Tier 8: [20, 100, 250, 20]
Tier 9: [25, 7, 25, 100]
Tier 10: [5, 27, 50, 82]
Tier 11: [22, 27, 1, 33]
Tier 12: [7, 22, 2, 10]
Tier 13: [0, 0, 0, 0]
Houses: [19, 19, 19, 19]
Vehicles: [12, 12, 12, 12, 12, 12, 12, 12, 12, 12, 12, 12, 12, 12, 12, 12, 12]
Cars: 6

1.264q laying with 127TE
Tier 1: [50, 40, 15, 25]
Tier 2: [8, 10, 30, 10, 1]
Tier 3: [10, 30, 2, 25, 50]
Tier 4: [1, 1, 50, 35, 10]
Tier 5: [10, 40, 2, 15, 30]
Tier 6: [2, 50, 30, 60]
Tier 7: [2, 50, 5, 30]
Tier 8: [20, 100, 250, 20]
Tier 9: [25, 7, 25, 100]
Tier 10: [5, 27, 50, 83]
Tier 11: [23, 28, 1, 34]
Tier 12: [7, 24, 2, 11]
Tier 13: [0, 0, 0, 0]
Houses: [19, 19, 19, 19]
Vehicles: [12, 12, 12, 12, 12, 12, 12, 12, 12, 12, 12, 12, 12, 12, 12, 12, 12]
Cars: 6

1.264q laying with 128TE
Tier 1: [50, 40, 15, 25]
Tier 2: [8, 10, 30, 10, 1]
Tier 3: [10, 30, 2, 25, 50]
Tier 4: [1, 1, 50, 35, 10]
Tier 5: [10, 40, 2, 15, 30]
Tier 6: [2, 50, 30, 60]
Tier 7: [2, 50, 5, 30]
Tier 8: [20, 100, 250, 20]
Tier 9: [25, 7, 25, 100]
Tier 10: [5, 27, 50, 84]
Tier 11: [23, 28, 1, 34]
Tier 12: [7, 24, 2, 11]
Tier 13: [0, 0, 0, 0]
Houses: [19, 19, 19, 19]
Vehicles: [12, 12, 12, 12, 12, 12, 12, 12, 12, 12, 12, 12, 12, 12, 12, 12, 12]
Cars: 6

1.286q laying with 129TE
Tier 1: [50, 40, 15, 25]
Tier 2: [8, 10, 30, 10, 1]
Tier 3: [10, 30, 2, 25, 50]
Tier 4: [1, 1, 50, 35, 10]
Tier 5: [10, 40, 2, 15, 30]
Tier 6: [2, 50, 30, 60]
Tier 7: [2, 50, 5, 30]
Tier 8: [20, 100, 250, 20]
Tier 9: [25, 7, 25, 100]
Tier 10: [5, 27, 50, 84]
Tier 11: [23, 28, 1, 34]
Tier 12: [8, 25, 2, 11]
Tier 13: [0, 0, 0, 0]
Houses: [19, 19, 19, 19]
Vehicles: [12, 12, 12, 12, 12, 12, 12, 12, 12, 12, 12, 12, 12, 12, 12, 12, 12]
Cars: 6

1.286q laying with 130TE
Tier 1: [50, 40, 15, 25]
Tier 2: [8, 10, 30, 10, 1]
Tier 3: [10, 30, 2, 25, 50]
Tier 4: [1, 1, 50, 35, 10]
Tier 5: [10, 40, 2, 15, 30]
Tier 6: [2, 50, 30, 60]
Tier 7: [2, 50, 5, 30]
Tier 8: [20, 100, 250, 20]
Tier 9: [25, 7, 25, 100]
Tier 10: [5, 27, 50, 84]
Tier 11: [23, 29, 1, 34]
Tier 12: [8, 25, 2, 11]
Tier 13: [0, 0, 0, 0]
Houses: [19, 19, 19, 19]
Vehicles: [12, 12, 12, 12, 12, 12, 12, 12, 12, 12, 12, 12, 12, 12, 12, 12, 12]
Cars: 6

