1.078q laying with 151TE
Tier 1: [50, 40, 15, 25]
Tier 2: [8, 10, 30, 10, 1]
Tier 3: [10, 30, 2, 25, 50]
Tier 4: [1, 1, 50, 35, 10]
Tier 5: [10, 40, 2, 15, 30]
Tier 6: [2, 50, 30, 60]
Tier 7: [2, 50, 5, 30]
Tier 8: [20, 100, 250, 20]
Tier 9: [25, 7, 25, 100]
Tier 10: [5, 25, 50, 70]
Tier 11: [20, 21, 0, 27]
Tier 12: [3, 10, 2, 8]
Tier 13: [0, 0, 0, 0]
Houses: [19, 19, 19, 19]
Vehicles: [12, 12, 12, 12, 12, 12, 12, 12, 12, 12, 12, 12, 12, 12, 12, 12, 12]
Cars: 6

1.213q laying with 152TE
Tier 1: [50, 40, 15, 25]
Tier 2: [8, 10, 30, 10, 1]
Tier 3: [10, 30, 2, 25, 50]
Tier 4: [1, 1, 50, 35, 10]
Tier 5: [10, 40, 2, 15, 30]
Tier 6: [2, 50, 30, 60]
Tier 7: [2, 50, 5, 30]
Tier 8: [20, 100, 250, 20]
Tier 9: [25, 7, 25, 100]
Tier 10: [5, 26, 50, 80]
Tier 11: [22, 26, 1, 32]
Tier 12: [6, 21, 2, 10]
Tier 13: [0, 0, 0, 0]
Houses: [19, 19, 19, 19]
Vehicles: [12, 12, 12, 12, 12, 12, 12, 12, 12, 12, 12, 12, 12, 12, 12, 12, 12]
Cars: 6

