858.161T laying with 80TE
Tier 1: [50, 40, 15, 25]
Tier 2: [8, 10, 30, 10, 1]
Tier 3: [10, 30, 2, 25, 50]
Tier 4: [1, 1, 50, 35, 10]
Tier 5: [10, 40, 2, 15, 30]
Tier 6: [2, 50, 30, 60]
Tier 7: [2, 50, 5, 30]
Tier 8: [20, 100, 250, 20]
Tier 9: [25, 7, 25, 100]
Tier 10: [5, 21, 50, 48]
Tier 11: [15, 9, 0, 15]
Tier 12: [0, 0, 1, 4]
Tier 13: [0, 0, 0, 0]
Houses: [19, 19, 19, 19]
Vehicles: [12, 12, 12, 12, 12, 12, 12, 12, 12, 12, 12, 12, 12, 12, 12, 12, 12]
Cars: 5

884.566T laying with 90TE
Tier 1: [50, 40, 15, 25]
Tier 2: [8, 10, 30, 10, 1]
Tier 3: [10, 30, 2, 25, 50]
Tier 4: [1, 1, 50, 35, 10]
Tier 5: [10, 40, 2, 15, 30]
Tier 6: [2, 50, 30, 60]
Tier 7: [2, 50, 5, 30]
Tier 8: [20, 100, 250, 20]
Tier 9: [25, 7, 25, 100]
Tier 10: [5, 22, 50, 52]
Tier 11: [16, 11, 0, 17]
Tier 12: [0, 0, 1, 5]
Tier 13: [0, 0, 0, 0]
Houses: [19, 19, 19, 19]
Vehicles: [12, 12, 12, 12, 12, 12, 12, 12, 12, 12, 12, 12, 12, 12, 12, 12, 12]
Cars: 5

910.971T laying with 100TE
Tier 1: [50, 40, 15, 25]
Tier 2: [8, 10, 30, 10, 1]
Tier 3: [10, 30, 2, 25, 50]
Tier 4: [1, 1, 50, 35, 10]
Tier 5: [10, 40, 2, 15, 30]
Tier 6: [2, 50, 30, 60]
Tier 7: [2, 50, 5, 30]
Tier 8: [20, 100, 250, 20]
Tier 9: [25, 7, 25, 100]
Tier 10: [5, 22, 50, 55]
Tier 11: [17, 13, 0, 19]
Tier 12: [0, 0, 1, 5]
Tier 13: [0, 0, 0, 0]
Houses: [19, 19, 19, 19]
Vehicles: [12, 12, 12, 12, 12, 12, 12, 12, 12, 12, 12, 12, 12, 12, 12, 12, 12]
Cars: 5

983.057T laying with 110TE
Tier 1: [50, 40, 15, 25]
Tier 2: [8, 10, 30, 10, 1]
Tier 3: [10, 30, 2, 25, 50]
Tier 4: [1, 1, 50, 35, 10]
Tier 5: [10, 40, 2, 15, 30]
Tier 6: [2, 50, 30, 60]
Tier 7: [2, 50, 5, 30]
Tier 8: [20, 100, 250, 20]
Tier 9: [25, 7, 25, 100]
Tier 10: [5, 24, 50, 63]
Tier 11: [18, 17, 0, 23]
Tier 12: [1, 2, 2, 7]
Tier 13: [0, 0, 0, 0]
Houses: [19, 19, 19, 19]
Vehicles: [12, 12, 12, 12, 12, 12, 12, 12, 12, 12, 12, 12, 12, 12, 12, 12, 12]
Cars: 6

1.064q laying with 120TE
Tier 1: [50, 40, 15, 25]
Tier 2: [8, 10, 30, 10, 1]
Tier 3: [10, 30, 2, 25, 50]
Tier 4: [1, 1, 50, 35, 10]
Tier 5: [10, 40, 2, 15, 30]
Tier 6: [2, 50, 30, 60]
Tier 7: [2, 50, 5, 30]
Tier 8: [20, 100, 250, 20]
Tier 9: [25, 7, 25, 100]
Tier 10: [5, 25, 50, 69]
Tier 11: [20, 21, 0, 26]
Tier 12: [3, 9, 2, 8]
Tier 13: [0, 0, 0, 0]
Houses: [19, 19, 19, 19]
Vehicles: [12, 12, 12, 12, 12, 12, 12, 12, 12, 12, 12, 12, 12, 12, 12, 12, 12]
Cars: 6

1.286q laying with 130TE
Tier 1: [50, 40, 15, 25]
Tier 2: [8, 10, 30, 10, 1]
Tier 3: [10, 30, 2, 25, 50]
Tier 4: [1, 1, 50, 35, 10]
Tier 5: [10, 40, 2, 15, 30]
Tier 6: [2, 50, 30, 60]
Tier 7: [2, 50, 5, 30]
Tier 8: [20, 100, 250, 20]
Tier 9: [25, 7, 25, 100]
Tier 10: [5, 27, 50, 84]
Tier 11: [23, 29, 1, 34]
Tier 12: [8, 25, 2, 11]
Tier 13: [0, 0, 0, 0]
Houses: [19, 19, 19, 19]
Vehicles: [12, 12, 12, 12, 12, 12, 12, 12, 12, 12, 12, 12, 12, 12, 12, 12, 12]
Cars: 6

1.355q laying with 140TE
Tier 1: [50, 40, 15, 25]
Tier 2: [8, 10, 30, 10, 1]
Tier 3: [10, 30, 2, 25, 50]
Tier 4: [1, 1, 50, 35, 10]
Tier 5: [10, 40, 2, 15, 30]
Tier 6: [2, 50, 30, 60]
Tier 7: [2, 50, 5, 30]
Tier 8: [20, 100, 250, 20]
Tier 9: [25, 7, 25, 100]
Tier 10: [5, 28, 50, 89]
Tier 11: [24, 31, 1, 37]
Tier 12: [9, 30, 2, 12]
Tier 13: [0, 0, 0, 0]
Houses: [19, 19, 19, 19]
Vehicles: [12, 12, 12, 12, 12, 12, 12, 12, 12, 12, 12, 12, 12, 12, 12, 12, 12]
Cars: 6

